2017093011401400000000140101
2017093011401600000000140101
2017093011573100000003030101
2017093012063700000003000201
2017093012064200000001460201
2017093012064300000001460201
2017093012073700156509770201
2017093012073900156509770201
2017093012074000156509770201
2017093012093600000002510201
2017093012094700000002510201
2017093012101700000002840201
2017093012101900000002840201
2017093012102500000002840201
2017093012264400000000910201
2017093022264400000000910201
2017093015550300000002750201
2017093015550400000002750201
2017093015565000000003060201
2017093015585400000001480201
2017093015591400000000210201
2017093016010400000000850201
2017093016012100000000680201
2017093016033100000002740201
2017093016034500000002740201
2017093016051000000002070201
2017093016051100000002070201
2017093016065200000000270201
2017093016065300000000270201
2017093016081200000000060201
2017093016081400000000060201
2017093016181700000002710201
2017093016285200000001900201
2017093016372600000002900201
2017093016372800000002900201
2017093017025200000002760201
2017093017025700000002760201
2017093017050100000000340201
2017093017050200000000340201
2017093017050400000000340201
2017093017070100000002610201
2017093017070500000002220201
2017093017074900002485770201
2017093017081500000002680201
2017093017092000000000140201
2017093017092200000000140201
2017093017130600000003040201
2017093017150700000003310201
2017093017150900000003310201
2017093018180400156509710201
2017093009191700000020080102
2017093009191900000020080102
2017093012010300000001640202
2017093012010700000001640202
2017093012043800000002390202
2017093012043900000002390202
2017093012044100000002390202
2017093012060500000002180202
2017093012060600000002180202
2017093012065200000002650202
2017093012080500000002980202
2017093012080700000002980202
2017093012091200000000190202
2017093012093000000001460202
2017093012093200000001460202
2017093012192400000001190202
2017093012192600000001190202
2017093015542600000001140202
2017093015574700000002370202
2017093015574800000002370202
2017093015575300000002620202
2017093015575500000002620202
2017093015575600000002620202
2017093015583600000002870202
2017093015592000000000970202
2017093015592200000000970202
2017093015592300000000970202
2017093016000900000000980202
2017093016001100000000980202
2017093016001700000000160202
2017093016001800000000160202
2017093016001900000000160202
2017093016032600000002020202
2017093016043600000003200202
2017093017001400000020240202
2017093017001700000020240202
2017093017002100000020090202
2017093017002300000020090202
2017093017012500000020060202
2017093017012800000020060202
2017093017012900000020060202
2017093017013100000020180202
2017093017013400000020250202
2017093017013600000020250202
2017093017024900000002690202
2017093017025100000002690202
2017093017031600000001990202
2017093017031700000001990202
2017093017032000156509760202
2017093017032100156509760202
2017093022032300000000070202
2017093021032500000000070202
2017093023032900000000380202
2017093017073100000000370202
2017093017074800000002540202
2017093017074900000002540202
2017093017145200000002230202
2017093017145400000002230202
2017093017150700000002770202
2017093017150900000002770202
2017093020002200000002000202
2017093020102600000020140202
2017093020102700000020140202
2017093020105500000020140202
2017093020244300000020020202
2017093020244500000020020202
2017093020500300000020080202
2017093020500500000020080202
2017093020500700000020190202
2017093021002100000003170202
2017100108144300000020080102
2017100108144500000020080102
2017100108145200000020190102
2017100108145300000020190102
2017100108382500000003170102
2017100108382700000003170102
2017100108500700000002000102
2017100108501200000002000102
2017100108503400000020020102
2017100108503500000020020102
2017100108510600000020140102
2017100108510700000020140102
2017093017072300000002730103
2017093017072500000002730103
2017093007182200000000140201
2017093007322200000000140201
2017093018182200000000140201
2017093017182200000000140201
2017100117145200000020190102
2017100118145200000020190102
2017100122145200000020190102
2017100217145200000020190102
2017100218145200000020190102
2017100222145200000020190102